RUN/Iao_v2_Soils_inflf_100m.ele
north: 2312604.859596
south: 2308404.859596
east: 756083.352194
west: 750483.352194
rows: 42
cols: 56
[rows 0 to 26 of 42, columns 0 to 55 of 56]
0.000000 0.000000 0.000000 0.000000 0.000000 0.000000 0.000000 0.000000 0.000000 0.000000 0.000000 0.000000 0.000000 0.000000 0.000000 0.000000 0.000000 0.000000 0.000000 0.000000 0.000000 0.000000 0.000000 0.000000 0.000000 0.000000 1596.280029 1584.759644 1562.280029 0.000000 0.000000 0.000000 0.000000 0.000000 0.000000 0.000000 0.000000 0.000000 0.000000 0.000000 0.000000 0.000000 0.000000 0.000000 0.000000 0.000000 0.000000 0.000000 0.000000 0.000000 0.000000 0.000000 0.000000 0.000000 0.000000 0.000000
0.000000 0.000000 0.000000 0.000000 0.000000 0.000000 0.000000 0.000000 0.000000 0.000000 0.000000 0.000000 0.000000 0.000000 0.000000 0.000000 0.000000 0.000000 0.000000 0.000000 0.000000 0.000000 0.000000 1651.740723 1588.569824 1514.454346 1464.889404 1467.405640 1443.835815 1450.146729 1470.072144 0.000000 0.000000 1430.170044 1376.589600 1387.750122 0.000000 0.000000 0.000000 0.000000 0.000000 0.000000 0.000000 0.000000 0.000000 0.000000 0.000000 0.000000 0.000000 0.000000 0.000000 0.000000 0.000000 0.000000 0.000000 0.000000
0.000000 0.000000 0.000000 0.000000 0.000000 0.000000 0.000000 0.000000 0.000000 0.000000 0.000000 0.000000 0.000000 0.000000 0.000000 0.000000 0.000000 0.000000 0.000000 0.000000 0.000000 0.000000 0.000000 1586.204712 1469.285889 1364.002808 1314.538330 1309.695068 1311.808228 1300.387817 1314.928101 1355.278198 1362.570068 1281.189209 1256.482544 1296.724731 1305.631958 1283.179565 0.000000 0.000000 0.000000 0.000000 0.000000 1131.264771 1025.590576 982.841248 998.384644 1063.033569 0.000000 0.000000 0.000000 0.000000 0.000000 0.000000 0.000000 0.000000
0.000000 0.000000 0.000000 0.000000 0.000000 0.000000 0.000000 0.000000 0.000000 0.000000 0.000000 0.000000 0.000000 0.000000 0.000000 0.000000 0.000000 0.000000 0.000000 0.000000 0.000000 1602.652832 1544.915894 1475.333374 1381.387451 1226.609253 1162.637573 1146.392090 1139.759644 1140.052002 1145.270142 1190.956909 1246.816284 1145.748657 1189.672974 1214.057861 1201.861572 1199.392578 1217.661743 1284.296021 1298.847290 1290.250000 1208.514282 1082.655884 930.724548 866.195679 895.238892 986.255798 1056.359985 0.000000 0.000000 0.000000 0.000000 0.000000 0.000000 0.000000
0.000000 0.000000 0.000000 0.000000 0.000000 0.000000 0.000000 0.000000 0.000000 0.000000 0.000000 0.000000 0.000000 0.000000 0.000000 0.000000 0.000000 1734.770752 1722.994629 1668.356201 1591.061401 1478.928589 1375.225708 1320.348999 1218.267944 1060.813477 1007.804016 991.315735 974.681458 971.815857 984.284973 1026.005981 1062.921875 1038.962402 1109.225464 1092.780640 1067.253296 1058.052246 1083.862793 1161.850220 1188.143799 1196.496216 1161.689453 1009.405762 864.374207 747.776611 755.528503 874.733337 955.161865 1037.339355 0.000000 0.000000 0.000000 0.000000 0.000000 0.000000
0.000000 0.000000 0.000000 0.000000 0.000000 0.000000 0.000000 0.000000 0.000000 0.000000 0.000000 0.000000 0.000000 0.000000 0.000000 1732.862427 1679.998657 1632.057983 1619.446167 1635.546997 1513.764648 1415.229248 1291.299805 1202.832764 1019.690430 916.192505 856.988647 843.880371 825.652466 815.822327 818.006592 856.739502 925.078552 963.197021 883.500732 861.527039 854.094604 861.473145 899.516785 1030.811890 1063.485840 1061.423340 1129.444580 1025.547363 881.919434 664.942688 576.683655 748.585632 879.481812 947.850159 0.000000 0.000000 0.000000 0.000000 0.000000 0.000000
0.000000 0.000000 0.000000 0.000000 0.000000 0.000000 0.000000 0.000000 0.000000 0.000000 1716.402710 1704.741089 1702.203125 1684.908569 1682.422852 1651.790894 1584.772095 1518.184326 1470.392578 1558.836182 1490.378052 1358.439209 1199.038940 1045.195068 944.043823 874.803711 875.568542 781.196716 761.567505 713.818787 702.159363 718.830017 748.236816 863.488098 814.696838 693.433838 636.274170 614.092041 677.660461 741.378357 960.999390 968.667175 1038.996582 1009.570496 850.915039 702.173157 557.402222 615.802307 809.348450 900.773071 0.000000 0.000000 0.000000 0.000000 0.000000 0.000000
0.000000 0.000000 0.000000 0.000000 0.000000 1755.858398 1713.428101 1654.698608 1642.755981 1633.640625 1623.151123 1593.874390 1586.294556 1572.889404 1529.927368 1496.580566 1437.185791 1356.380493 1344.405762 1435.886597 1420.176392 1315.660522 1142.327393 996.489136 883.566162 840.462341 792.548706 734.726074 716.097717 705.790955 672.606201 706.459595 655.106812 677.125793 668.898071 660.503967 658.456238 591.909973 591.152466 622.412354 744.803955 844.702209 936.032898 1013.553162 865.658020 756.740173 538.120850 518.839417 721.536194 839.475464 0.000000 0.000000 0.000000 0.000000 0.000000 0.000000
0.000000 0.000000 0.000000 1733.502319 1736.176758 1664.746094 1628.742554 1532.382568 1510.059814 1479.362305 1483.267700 1461.062500 1465.189453 1435.470947 1356.598633 1265.704956 1187.099365 1177.905640 1216.641724 1270.842407 1291.147583 1236.982788 1130.799927 1037.704956 958.881287 880.448425 791.882263 707.956787 673.145386 696.060120 648.170044 638.322815 626.117493 638.451904 621.364258 615.676514 592.239502 603.045837 534.201782 634.074707 664.915710 747.541443 848.352539 983.842407 875.850342 734.055847 571.711609 506.338135 596.157104 699.896118 812.431946 0.000000 0.000000 0.000000 0.000000 0.000000
0.000000 0.000000 1689.402588 1663.148193 1626.035034 1591.591919 1528.250366 1431.298828 1320.866821 1305.241211 1337.797607 1331.868164 1345.925171 1299.984985 1170.234619 1052.287109 973.218384 1030.163452 1064.459229 1101.710938 1094.634277 1075.950684 1017.645691 957.758667 939.908203 883.168030 834.349792 730.054749 661.355286 628.882996 646.279175 626.149658 606.520325 573.224854 587.853516 574.967896 558.345825 559.498230 521.731018 571.478699 559.398560 652.398010 748.211792 888.501648 906.132629 755.599731 580.457031 493.836823 482.749054 576.483459 719.363953 0.000000 0.000000 0.000000 0.000000 0.000000
0.000000 1649.277222 1641.252808 1557.456909 1530.058105 1520.077026 1456.300415 1353.361572 1242.611206 1192.481812 1196.009399 1193.903687 1164.770874 1141.603638 1062.287354 978.832947 902.710388 916.231995 917.538574 988.127563 931.484558 928.936768 946.291443 856.503296 846.401367 807.441040 766.417847 709.180847 685.864746 627.865784 597.566040 618.502686 592.499084 563.800659 550.253662 536.706726 549.813599 542.346436 508.013763 494.296509 542.655273 621.198975 689.335266 796.021240 876.280151 779.434753 638.020020 504.924591 445.859161 486.512543 576.456848 657.580078 0.000000 0.000000 0.000000 0.000000
0.000000 1596.190796 1540.486572 1469.744019 1411.694214 1404.884155 1355.440430 1352.365112 1165.654297 1060.150757 1082.682007 1045.018921 1013.554749 1049.300659 954.785278 894.643127 859.753662 801.165283 873.993652 935.208130 872.297485 865.518372 957.985046 865.164795 793.323425 723.880554 728.567688 694.978210 645.537537 644.619141 593.193298 573.843750 596.013733 573.390686 565.253906 523.159729 512.875793 531.020935 523.141174 480.579254 503.850677 567.061096 674.179260 749.693420 801.768311 817.010071 702.062500 571.093872 408.969299 372.079437 469.565399 568.356262 577.028259 0.000000 0.000000 0.000000
0.000000 1506.879150 1378.205566 1267.462280 1233.109497 1229.668335 1176.219116 1137.766479 1147.485962 1054.936523 953.834106 895.804321 925.803894 991.782104 950.340454 858.031799 807.333374 777.500305 810.001221 863.330627 827.618774 825.213928 935.553406 876.471313 803.144348 717.197449 661.020935 679.265198 646.748718 603.609009 612.605957 566.895813 547.295837 545.858643 545.990417 533.443665 502.591858 526.447388 514.251648 466.559906 494.585785 540.854919 651.051697 684.383362 708.510559 723.134705 733.602661 589.779419 451.975037 352.621948 404.117920 487.891998 462.517822 468.626129 0.000000 0.000000
1563.936646 1465.488037 1337.494995 1222.290527 1145.260986 1035.974487 1014.558655 966.256592 996.513367 1034.591675 985.267334 865.804688 835.805115 907.510925 941.104980 859.307800 801.943542 753.835266 730.170288 793.079895 741.882813 816.954346 818.748596 839.236511 746.308228 702.094482 636.175659 655.854797 634.036560 594.612000 585.615051 597.435730 573.753296 539.017822 531.319946 510.089020 485.825592 469.059357 456.271606 452.540588 438.521240 503.224335 549.133057 599.360840 514.774597 566.370850 629.797668 588.761658 507.399231 333.164429 321.442017 388.544922 376.188416 375.034210 0.000000 0.000000
0.000000 1501.737305 1358.826904 1224.048828 1170.195435 1056.651001 946.216980 922.791504 899.366028 923.768005 963.204041 905.204407 803.844727 857.501160 891.653564 849.460388 792.872864 745.814758 700.957764 727.346863 725.732849 754.984009 754.604065 773.857971 755.382568 681.099121 616.442993 600.940552 615.494141 592.254333 573.794373 561.973694 568.711426 572.662659 564.029602 528.622925 510.356110 494.301941 443.483826 423.742188 414.920746 470.872040 474.734680 425.707489 471.026581 367.482178 469.949036 527.406555 482.290009 464.312103 309.719604 297.997192 328.402496 262.198425 261.641449 0.000000
0.000000 1536.975464 1412.551147 1296.795044 1195.720703 1100.036865 1017.929993 959.248108 875.940552 844.212402 839.523132 868.482361 798.522827 808.247803 833.424194 797.126648 766.902832 734.591125 685.379456 671.990234 680.770447 700.018860 690.727783 688.439331 697.593872 671.173218 605.992615 569.306152 583.139099 557.031372 539.144104 543.237915 535.500488 556.772583 549.642456 546.491333 514.717285 508.500214 486.111298 440.484344 402.306335 392.434937 420.903076 417.592133 409.736420 364.874359 345.696716 356.141937 369.606079 372.277924 264.426392 263.869415 263.312408 262.755432 261.084442 260.527466
0.000000 0.000000 1444.038696 1344.046387 1212.640381 1104.461670 1022.060303 966.944824 919.950745 875.937561 817.288452 780.643188 780.204895 748.915894 765.292175 734.198914 725.517639 704.738037 698.768677 658.601013 634.044312 645.566040 640.851196 638.179565 633.144165 635.934692 613.751282 562.217407 561.041260 544.089294 511.960205 520.025696 527.763123 543.330872 543.880981 511.099762 500.232971 500.757050 482.346832 484.518921 432.133759 382.563507 381.730591 380.897644 373.878845 358.260742 335.251526 324.806305 319.422058 294.648407 264.983398 266.654358 272.624237 282.096954 271.773865 0.000000
0.000000 0.000000 1418.755005 1271.123291 1199.279785 1091.998779 1035.464722 1001.663818 946.554382 872.380432 833.643127 794.906982 748.015198 725.617065 702.773010 698.847717 682.140686 654.874146 687.397339 666.445251 622.522522 611.000793 579.404968 577.537048 609.559814 586.513489 590.994873 561.378479 520.252869 491.920837 503.894714 495.829224 518.799011 508.088379 512.125549 497.300079 482.803314 475.244568 476.177338 475.115112 435.468628 433.455597 415.541931 390.521729 373.123352 363.967041 346.515015 304.392578 304.360809 292.605377 265.540375 266.097382 296.354401 320.485291 336.288452 0.000000
0.000000 0.000000 1432.768433 1279.606934 1200.131592 1072.821777 1000.640320 942.829407 888.573608 867.806519 829.173889 794.126221 758.489624 735.207336 707.654175 667.718140 646.840881 634.882080 610.863953 609.911621 608.959229 606.651855 608.535950 566.759216 582.935669 574.388062 555.352295 539.717041 524.220276 472.038391 466.126434 452.305969 481.573761 501.488525 490.576111 483.074066 477.389709 469.810089 466.649933 461.761749 448.732422 432.072510 409.229858 370.454590 350.009552 316.805939 304.456085 304.424316 344.476471 332.987457 339.676941 351.490387 324.859924 413.295319 464.897552 0.000000
0.000000 0.000000 0.000000 1367.262573 1209.341675 1122.013794 1009.854309 1004.138428 984.043091 932.028320 856.063293 836.205139 783.023499 746.236206 710.796753 691.423279 660.686401 664.825745 642.700562 631.698303 608.006897 586.528076 573.853821 561.179626 551.534851 539.456055 528.372314 518.888428 493.052399 477.950317 483.862274 438.485474 433.467896 459.191895 486.592682 478.093048 470.052368 398.344910 393.327332 436.094696 414.786713 389.171112 359.877258 328.498688 324.601105 320.703522 332.493835 330.693573 364.174866 382.091614 420.613800 422.960999 405.352600 512.617981 543.250610 0.000000
0.000000 0.000000 0.000000 1362.165527 1245.462280 1167.031616 1142.638550 1103.627075 1015.111755 944.996338 871.179871 835.982056 792.100464 764.486206 763.285095 744.500183 725.272156 737.950500 730.296936 713.477356 662.387573 666.886658 620.229919 600.302063 572.927917 550.539795 533.834229 520.344238 523.851624 519.015747 514.703125 493.777496 428.450348 423.432770 418.415192 413.397614 408.380066 403.362488 388.309784 428.446289 381.469299 361.131165 333.429108 330.963898 387.587372 404.694977 400.812927 349.784607 407.045532 443.840485 484.737885 440.569427 460.048279 575.341248 615.751648 0.000000
0.000000 0.000000 0.000000 1279.756348 1245.926025 1208.876953 1224.853516 1146.635498 1075.124268 1008.978760 934.130981 894.379272 864.933594 820.113647 828.183411 810.358459 794.700073 811.744568 823.878479 800.249207 755.075073 717.981934 662.397766 626.751404 624.823425 584.667786 561.306641 549.778931 539.242310 525.270264 510.793060 501.889252 488.228607 473.180237 437.067871 417.358215 434.448090 414.024475 383.292206 356.121674 343.000366 340.477478 335.894318 408.668335 432.067139 468.244385 439.557251 413.758209 458.358246 480.676331 612.698669 458.177826 516.947510 572.637939 0.000000 0.000000
0.000000 0.000000 0.000000 1212.083740 1184.626221 1153.184814 1140.364380 1130.481445 1077.958618 1012.385864 957.970642 884.691284 888.070007 884.981323 829.212646 788.943176 775.551270 749.669128 724.642944 720.085266 709.748230 683.057434 615.970886 586.258728 568.344788 564.382568 556.629944 538.781372 533.905212 527.663940 505.861542 480.436615 468.110840 462.336823 455.612061 416.970032 416.581879 402.007019 396.247131 378.347565 364.350708 372.227051 426.530823 481.118317 455.465912 497.432648 518.615662 533.008240 534.994995 602.448242 606.421448 510.774231 563.328857 627.755859 0.000000 0.000000
0.000000 0.000000 0.000000 1165.897827 1136.607300 1091.893921 1054.627197 1021.663330 985.181763 946.234680 859.956299 832.404114 809.999939 804.052124 775.831787 734.273254 707.099182 694.077820 661.142456 628.475525 617.296509 595.010803 582.381714 562.565002 558.518494 535.643433 528.866821 522.090149 525.792053 505.759430 488.878632 464.810669 459.158752 450.903168 450.718994 451.603088 431.156769 407.766876 409.579407 392.344452 406.341309 398.580231 462.701691 502.885254 478.864716 591.857910 708.531921 711.050537 740.314758 727.885376 609.063721 559.857300 641.555847 696.135193 0.000000 0.000000
0.000000 0.000000 0.000000 1153.854492 1088.194946 1082.041382 981.876099 949.412048 898.674316 877.622803 882.359680 846.900635 798.444397 764.654846 732.500793 699.743469 694.267212 683.086548 683.026733 695.506287 700.622253 669.421875 620.191101 584.772644 578.350830 549.862732 537.419067 515.313538 495.964050 492.027618 476.114532 470.462616 482.705139 442.647552 421.886932 408.459930 408.228912 407.997894 414.816101 412.867950 420.755310 461.692749 498.103088 558.808350 617.598633 725.571899 809.738586 791.824036 862.218628 745.958679 619.574280 565.358032 694.316711 800.007385 0.000000 0.000000
0.000000 0.000000 0.000000 1166.506714 1067.881836 1045.654053 990.733093 930.308350 892.154602 863.264404 835.656616 807.094482 791.557556 753.936829 743.218811 763.091064 791.453674 771.962158 766.534607 767.418518 764.693787 682.748230 619.273804 578.216064 536.839844 520.250183 517.585205 503.836914 499.900482 523.400085 509.096191 496.504974 531.157349 481.984436 461.982361 452.815552 430.024445 418.110016 449.406616 453.532654 441.119659 472.147369 548.114014 614.632385 724.257019 822.165100 896.262817 850.621399 909.196472 777.449646 683.939636 624.648804 717.306030 865.457092 0.000000 0.000000
0.000000 1450.157959 1289.723022 1186.107300 1100.726074 1029.634033 970.802856 928.033142 900.913513 884.278931 851.096985 822.685364 776.940674 767.349060 807.056824 836.714233 794.622253 806.239563 819.284729 803.919861 729.559387 657.122375 583.598999 562.350586 546.254944 537.439087 579.980591 570.875244 541.817749 543.950256 547.761597 544.288696 562.262268 502.396667 480.806641 458.706879 441.938843 453.853271 482.176453 485.869171 456.841125 491.921936 611.859253 679.975525 792.106750 911.957397 970.569763 913.330566 938.351135 844.429016 742.003540 712.779236 813.736511 897.299011 0.000000 0.000000
